16512
16755
16445
16754
16623
16651
16539
16520
16522
16731
16550
16681
16741
16726
16658
16811
16637
16858
16624
16788
16715
16514
16665
16512
16972
16814
16618
16637
16542
16600
16522
16642
16724
16743
16576
16731
16746
16647
16674
16614
16634
16535
16682
16589
16604
16559
16727
16837
16692
16832
16629
16448
16813
16668
16561
16461
16710
16640
16508
16545
16789
16740
16815
16681
16810
16689
16498
16813
16659
16550
16659
16744
16590
16755
16741
16542
16577
16755
16663
16431
16559
16524
16778
16578
16668
16564
16583
16742
16555
16767
16736
16685
16533
16758
16847
16441
16651
16611
16782
16733
16802
16597
16614
16695
16515
16599
16940
16683
16593
16598
16655
16622
16779
16565
16720
16651
16685
16540
16759
16499
16813
16909
16623
16805
16629
16678
16723
16681
16882
16654
16574
16530
16573
16571
16656
16547
16675
16738
16743
16483
16668
16806
16477
16719
16622
16580
16600
16609
16682
16642
16569
16793
16598
16585
16707
16624
16540
16714
16592
16620
16581
16668
16583
16485
16659
16753
16734
16876
16636
16700
16674
16774
16678
16770
16580
16675
16525
16494
16659
16716
16515
16579
16708
16590
16793
16731
16745
16587
16732
16997
16714
16642
16485
16630
16752
16663
16506
16621
16526
16837
16590
16566
16839
16566
16444
16627
16690
16465
16477
16504
16495
16759
16726
16599
16688
16448
16643
16798
16686
16693
16465
16661
16653
16653
16761
16615
16579
16470
16755
16653
16825
16733
16709
16741
16659
16521
16571
16521
16756
16804
16462
16826
16598
16597
16761
16416
16885
16493
16720
16797
16821
16520
16574
16636
16713
16654
