16514
16507
16691
16709
16662
16692
16918
16608
16409
16635
16624
16524
16690
16721
16750
16750
16710
16762
16584
16802
16768
16603
16692
16934
16828
16648
16727
16732
16749
16666
16509
16649
16751
16587
16607
16798
16452
16697
16674
16392
16532
16746
16558
16675
16576
16603
16819
16661
16785
16477
16735
16573
16673
16821
16542
16657
16696
16594
16885
16637
16721
16632
16715
16556
16459
16813
16738
16684
16545
16779
16688
16760
16628
16621
16766
16592
16753
16582
16706
16660
16603
16933
16681
16485
16854
16627
16607
16686
16671
16582
16528
16803
16672
16534
16697
16457
16989
16636
16912
16776
16730
16500
16746
16661
16602
16442
16601
16783
16574
16681
16854
16800
16627
16510
16610
16565
16695
16575
16798
16602
16766
16543
16788
16666
16734
16483
16657
16542
16492
16603
16712
16484
16680
16635
16789
16669
16751
16748
16600
16828
16693
16648
16437
16568
16676
16786
16691
16719
16712
16735
16806
16587
16623
16583
16581
16774
16674
16570
16795
16715
16912
16683
16856
16652
16502
16635
16534
16850
16395
16854
16887
16642
16622
16636
16874
16457
16597
16811
16767
16672
16634
16769
16554
16628
16626
16532
16637
16682
16647
16824
16765
16695
16511
16502
16634
16742
16568
16799
16700
16516
16664
16552
16848
16622
16632
16560
16776
16805
16576
16571
16698
16580
16532
16948
16718
16551
16479
16676
16811
16528
16766
16726
16825
16676
16559
16726
16819
16642
16630
16898
16653
16702
16569
16884
16567
16703
16723
16576
16751
16540
16855
16805
16685
16673
16552
16686
16675
16435
16446
16568
16877
16875
16589
16587
16674
16664
